20 4 40
19 15 6 1
1 6 991540071
9 3 215717375
13 12 423150602
3 19 291935509
4 9 456334967
7 2 776743115
19 9 582027555
3 8 157199244
9 6 796164608
2 3 377516353
11 19 455298562
16 13 685136383
15 9 220248820
18 15 229131241
12 4 954429473
18 10 229365591
8 16 180960031
6 12 220069218
1 15 834870614
17 15 916232317
7 10 216070086
9 12 667680776
1 20 164626245
20 11 280826600
13 20 28708484
1 10 605775719
12 8 623899270
3 17 320364930
5 15 554109311
16 10 418634125
15 7 133483878
3 16 451048953
11 10 44344977
14 10 791880428
7 13 362602134
20 5 675039946
20 10 252745296
4 16 390696244
14 7 968521672
4 19 153344083